96.99999999999985789145
69.99999999999994315658
56.00000000000024158453
63.00000000000008526513
here -6827.999999999982
0.00000000000000000000
62.93162239408196967361
185.66444014794893746512
108.21687289845328905358
here 5606.017733691997
59.70714882092784137058
0.00000000000000000000
198.52805538820376796139
126.01316709640052238228
here -1048.9840355978401
0.00000000000013402189
0.00000000000002842171
272.34839769926031749492
150.89523418241572016996
here 6540.046425636796
119.94003712195653577055
95.15551916148051248001
25.13763511300368591606
-0.00000000000000000000
here -8857.357244240635
0.00000000000000000000
111.51747418586178639544
185.25615567911049197392
-0.00000000000000000000
here 7491.260524225578
89.49139976275205299316
0.00000000000000000000
262.09519572953740862431
-0.00000000000000000000
here -900.9223013048604
92.88382594017302551492
41.30203372774342795992
0.00000000000000000000
4.68877635487169541761
here -8081.423810683157
0.00000000000001421085
11.90812141099261722843
75.16160787530762377173
-0.00000000000000000000
here 2405.9409351927798
87.32142006194901284744
37.46342625685013416614
-0.00000000000000000000
-0.00000000000000000000
here -7583.729807005005
76.43927604871448977519
0.00000000000000000000
27.15696887686062055423
-0.00000000000000000000
here -6474.179127198919
90.26104166666667083518
33.44833333333333769133
-0.00000000000000000000
-0.00000000000000000000
here -7939.280624999999
0.00000000000000000000
0.00000000000000000000
81.34177215189873777490
-0.00000000000000000000
here 2358.9113924050635
96.71345029239765267448
47.52631578947368495847
-0.00000000000000000000
-0.00000000000000000000
here -8284.777777777777
Bounded solution
0.000000000000000000 111.517474185861786395 185.256155679110491974 -0.000000000000000000
